   1                    -0.016901072313                    -0.970268385366
   2                     0.044203021988                    -0.969531230140
   3                    -0.076116912289                    -0.967399638945
   4                     0.129423606075                    -0.961870180201
   5                    -0.136582017263                    -0.960879839485
   6                     0.187768577919                    -0.951859857906
   7                    -0.243034837283                    -0.939616294684
   8                     0.246990606332                    -0.938584228374
   9                    -0.185316621500                    -0.927760499939
  10                     0.083185581485                    -0.925346251276
  11                     0.013043229441                    -0.919521034873
  12                     0.311940877867                    -0.919041675924
  13                    -0.100960194121                    -0.913943307677
  14                    -0.330435204318                    -0.912555362220
  15                     0.149890163691                    -0.906615566624
  16                    -0.043241978339                    -0.902087512931
  17                     0.207607569207                    -0.894755827892
  18                    -0.275751025133                    -0.890610138390
  19                     0.265582294796                    -0.882670889875
  20                     0.407753853837                    -0.880727828588
  21                    -0.218032809350                    -0.878754343645
  22                     0.052025788939                    -0.875336056009
  23                     0.349280536080                    -0.873459856888
  24                    -0.159371836762                    -0.872300509733
  25                    -0.428437902102                    -0.870853419016
  26                    -0.369561731641                    -0.868497818463
  27                     0.109747737070                    -0.863481502163
  28                    -0.102596377785                    -0.855042754155
  29                     0.460448435902                    -0.854360551081
  30                     0.168478031425                    -0.850700957842
  31                    -0.314877552455                    -0.846552594634
  32                    -0.480495145715                    -0.843249149607
  33                    -0.044878162002                    -0.843186959409
  34                     0.226199257670                    -0.838842489391
  35                    -0.257159336673                    -0.834696799889
  36                     0.012840053780                    -0.831331164664
  37                     0.284173983255                    -0.826757551374
  38                     0.511445832364                    -0.824844151296
  39                    -0.199441120890                    -0.822841005144
  40                     0.400385428977                    -0.822267084347
  41                     0.070617477399                    -0.819422717508
  42                     0.341912111220                    -0.814999112647
  43                    -0.411722295560                    -0.814350845622
  44                    -0.141722905107                    -0.810985210399
  45                     0.128335693181                    -0.807566922760
  46                    -0.354004079778                    -0.802495050878
  47                    -0.084004689325                    -0.799129415654
  48                     0.453080011042                    -0.795899806840
  49                     0.187069719888                    -0.794787619342
  50                     0.560558069845                    -0.792287424929
  51                    -0.296285863995                    -0.790639256132
  52                    -0.506282937561                    -0.790268567373
  53                    -0.565192299789                    -0.788988198662
  54                    -0.026286473542                    -0.787273620908
  55                     0.244790946130                    -0.782929150890
  56                    -0.238567648213                    -0.778783461387
  57                     0.031431742241                    -0.775417826163
  58                     0.302765671716                    -0.770844212873
  59                    -0.450848822883                    -0.770293301866
  60                    -0.180849432430                    -0.766927666642
  61                     0.504077407504                    -0.766383407054
  62                     0.089209165857                    -0.763509379005
  63                     0.361498022464                    -0.759426238122
  64                    -0.393130607101                    -0.758437507121
  65                     0.607788534567                    -0.756633264224
  66                    -0.123131216648                    -0.755071871897
  67                     0.146927381643                    -0.751653584260
  68                     0.419235746130                    -0.747665814317
  69                    -0.619914187418                    -0.746760412453
  70                    -0.335412391318                    -0.746581712376
  71                    -0.065413000865                    -0.743216077152
  72                     0.205661408348                    -0.738874280840
  73                    -0.277694175535                    -0.734725917631
  74                     0.553189644985                    -0.733826680688
  75                    -0.007694785082                    -0.731360282407
  76                    -0.495891826121                    -0.731296368231
  77                    -0.563397596345                    -0.730092262116
  78                     0.263382634591                    -0.727015812389
  79                    -0.219975959753                    -0.722870122886
  80                     0.050023430700                    -0.719504487661
  81                     0.322444334857                    -0.715304114573
  82                     0.656709740667                    -0.714616701374
  83                    -0.432257134423                    -0.714379963365
  84                    -0.162257743970                    -0.711014328141
  85                     0.495186516269                    -0.708134764536
  86                    -0.664088089747                    -0.707765301795
  87                     0.107800854319                    -0.707596040505
  88                     0.380182058523                    -0.703543690769
  89                    -0.374538918640                    -0.702524168620
  90                    -0.104539528188                    -0.699158533396
  91                     0.600120397780                    -0.698197244202
  92                     0.165519070104                    -0.695740245758
  93                     0.438518992243                    -0.691987194350
  94                    -0.316820702858                    -0.690668373875
  95                    -0.046821312405                    -0.687302738651
  96                    -0.602524123668                    -0.686034718360
  97                     0.224253096808                    -0.682960942339
  98                    -0.529101877528                    -0.682178214353
  99                    -0.259102487075                    -0.678812579130
 100                     0.544298753750                    -0.675578038169
 101                     0.010896903377                    -0.675446943905
 102                     0.699517858188                    -0.672770004864
 103                     0.282276616147                    -0.671203898221
 104                    -0.471383661746                    -0.670322419608
 105                    -0.201384271293                    -0.666956784385
 106                    -0.706817404067                    -0.665014907325
 107                     0.068615119162                    -0.663591149159
 108                     0.339929624940                    -0.659034967318
 109                    -0.413665445963                    -0.658466624863
 110                     0.642634736250                    -0.657399164265
 111                    -0.143666055510                    -0.655100989640
 112                     0.126392542779                    -0.651682702003
 113                    -0.649633929856                    -0.650642368012
 114                     0.399465304636                    -0.647865070801
 115                    -0.355947230181                    -0.646610830118
 116                    -0.085947839728                    -0.643245194895
 117                     0.184110758564                    -0.639826907257
 118                    -0.568228404851                    -0.638120670597
 119                     0.457203028301                    -0.636104646996
 120                    -0.298229014398                    -0.634755035373
 121                    -0.028229623945                    -0.631389400149
 122                     0.739055021708                    -0.629080589636
 123                     0.242846709523                    -0.627048243707
 124                    -0.510510189068                    -0.626264875852
 125                     0.573733586142                    -0.624533518931
 126                     0.514815579769                    -0.623745593007
 127                    -0.240510798615                    -0.622899240628
 128                    -0.746430891659                    -0.620004516892
 129                     0.029488591838                    -0.619533605404
 130                     0.300564517245                    -0.615190462550
 131                    -0.452791973286                    -0.614409081107
 132                    -0.182792582833                    -0.611043445883
 133                     0.087206807622                    -0.607677810658
 134                     0.360377286292                    -0.603773358154
 135                     0.686392543721                    -0.602649250009
 136                    -0.395073757503                    -0.602553286362
 137                     0.627510324751                    -0.600450024860
 138                    -0.615529457713                    -0.600368645272
 139                    -0.678661748317                    -0.599365296552
 140                    -0.125074367050                    -0.599187651138
 141                     0.144984231240                    -0.595769363503
 142                     0.418105838712                    -0.591967997609
 143                    -0.337355541721                    -0.590697491617
 144                    -0.067356151268                    -0.587331856393
 145                     0.202704371335                    -0.583914208572
 146                     0.775868072286                    -0.583072420696
 147                    -0.549636716391                    -0.582207332096
 148                     0.475727939972                    -0.579653544776
 149                    -0.279637325938                    -0.578841696872
 150                    -0.009637935485                    -0.575476061648
 151                    -0.783974655051                    -0.572126256701
 152                     0.261436473670                    -0.571134265391
 153                    -0.491918500608                    -0.570351537351
 154                     0.534003487484                    -0.567656082444
 155                    -0.221919110155                    -0.566985902127
 156                    -0.725642387153                    -0.563801665176
 157                     0.048080280298                    -0.563620266903
 158                     0.319386944890                    -0.559354376372
 159                    -0.434200284826                    -0.558495742606
 160                    -0.164200894373                    -0.555130107382
 161                     0.591365998066                    -0.553914662492
 162                     0.105798496083                    -0.551764472157
 163                     0.712891945584                    -0.550020987611
 164                    -0.646481459496                    -0.550005583084
 165                     0.654009726614                    -0.547821762461
 166                     0.377055589907                    -0.547259762528
 167                    -0.376482069043                    -0.546639947861
 168                    -0.106482678590                    -0.543274312637
 169                     0.163575919700                    -0.539856025001
 170                    -0.588763243713                    -0.538149788339
 171                     0.436020962396                    -0.535834223056
 172                    -0.318763853260                    -0.534784153116
 173                    -0.048764462807                    -0.531418517892
 174                     0.221294135483                    -0.528000230256
 175                    -0.531045027931                    -0.526293993594
 176                     0.766213351485                    -0.524945502074
 177                     0.494089983176                    -0.523664370184
 178                    -0.817248705100                    -0.523497151264
 179                    -0.261045637478                    -0.522928358371
 180                     0.008953752976                    -0.519562723147
 181                     0.280028982799                    -0.515221199776
 182                    -0.473326812148                    -0.514438198849
 183                    -0.693533617343                    -0.514144757720
 184                    -0.755643225146                    -0.513087741822
 185                     0.823904419749                    -0.512958302873
 186                    -0.203327421695                    -0.511072563626
 187                     0.551524473640                    -0.510502622301
 188                     0.066671968759                    -0.507706928402
 189                     0.337747024560                    -0.503364557863
 190                    -0.415608596365                    -0.502582404104
 191                     0.617865399929                    -0.501286400094
 192                    -0.145609205913                    -0.499216768880
 193                     0.124390184543                    -0.495851133656
 194                    -0.627889771036                    -0.494092244583
 195                     0.676071136474                    -0.492118585493
 196                     0.396894435073                    -0.491776679299
 197                    -0.357890380583                    -0.490726609359
 198                    -0.087890990130                    -0.487360974135
 199                     0.182167608160                    -0.483942686500
 200                    -0.570171555253                    -0.482236449838
 201                     0.454612650856                    -0.479920884554
 202                    -0.300172164800                    -0.478870814614
 203                     0.733048444492                    -0.476241895983
 204                    -0.030172774347                    -0.475505179390
 205                     0.239886644620                    -0.472087164631
 206                    -0.512453339471                    -0.470380655093
 207                    -0.794769752468                    -0.469030198066
 208                    -0.242453949018                    -0.467015019869
 209                     0.512047141320                    -0.466759136672
 210                     0.791415648265                    -0.463801085401
 211                     0.027545441436                    -0.463649384646
 212                    -0.724476996585                    -0.463081557210
 213                    -0.853316579577                    -0.462380285466
 214                     0.853514334146                    -0.462015145613
 215                     0.298619850579                    -0.459307588399
 216                    -0.454735123688                    -0.458524860348
 217                     0.578023875503                    -0.457874359903
 218                    -0.184735733235                    -0.455159225124
 219                     0.085263657219                    -0.451793589900
 220                    -0.667016298358                    -0.450034700827
 221                     0.356537736869                    -0.447517790427
 222                    -0.397016907905                    -0.446669065603
 223                     0.636457088388                    -0.445373061592
 224                    -0.127017517452                    -0.443303430379
 225                     0.142981873003                    -0.439937795154
 226                    -0.609298082576                    -0.438178906082
 227                     0.414213272281                    -0.435456077563
 228                    -0.339298692123                    -0.434813270858
 229                     0.693891578851                    -0.432211313710
 230                    -0.069299301670                    -0.431447635634
 231                     0.200759296620                    -0.428029347999
 232                    -0.551579866793                    -0.426323111337
 233                     0.471931488063                    -0.423600282818
 234                    -0.281580476340                    -0.422957476113
 235                     0.751640132952                    -0.420328557482
 236                    -0.011581085887                    -0.419591840889
 237                    -0.763603523907                    -0.419024013454
 238                     0.258477512403                    -0.416173553254
 239                    -0.493861651010                    -0.414467316592
 240                     0.538546543182                    -0.414130874273
 241                     0.821025562662                    -0.412857928141
 242                    -0.223862260558                    -0.411101681368
 243                    -0.879803013392                    -0.409745495394
 244                     0.879978245369                    -0.409369027951
 245                     0.046137129896                    -0.407736046144
 246                    -0.706142825681                    -0.405977157070
 247                    -0.821014635454                    -0.405760658935
 248                     0.317211539039                    -0.403394249897
 249                    -0.436143435228                    -0.402611521847
 250                     0.596615563962                    -0.401961021401
 251                    -0.166144044775                    -0.399245886623
 252                     0.103855345679                    -0.395880251399
 253                    -0.648424609898                    -0.394121362325
 254                     0.374929754821                    -0.391538455152
 255                    -0.378425219445                    -0.390755727102
 256                     0.654050054426                    -0.388799273518
 257                    -0.108425828992                    -0.387390091878
 258                     0.161573561463                    -0.384024456653
 259                    -0.590706394115                    -0.382265567580
 260                     0.432804960741                    -0.379542739062
 261                    -0.320707003663                    -0.378899932357
 262                     0.712483267311                    -0.376297975208
 263                    -0.050707613209                    -0.375534297133
 264                     0.219350985080                    -0.372116009497
 265                     0.498430889926                    -0.370972020420
 266                    -0.532988178333                    -0.370409772835
 267                     0.781250047348                    -0.369385400222
 268                    -0.262988787880                    -0.367044137612
 269                     0.007010602574                    -0.363678502388
 270                    -0.746026921420                    -0.362588640799
 271                     0.277069200863                    -0.360260214752
 272                     0.847489473885                    -0.360211810479
 273                    -0.475269962550                    -0.358553978091
 274                     0.557138231641                    -0.358217535772
 275                    -0.903046545522                    -0.355600407747
 276                    -0.205270572098                    -0.355188342867
 277                     0.064728818356                    -0.351822707643
 278                    -0.687551137221                    -0.350063818569
 279                     0.905428997799                    -0.349489689852
 280                    -0.834751233871                    -0.348460936719
 281                     0.335803227499                    -0.347480911396
 282                    -0.417551746768                    -0.346698183345
 283                     0.614572722105                    -0.345055787889
 284                    -0.147552356315                    -0.343332548122
 285                     0.122447034139                    -0.339966912898
 286                    -0.629832921438                    -0.338208023824
 287                     0.393521443282                    -0.335625116651
 288                    -0.359833530985                    -0.334842388600
 289                     0.672641742885                    -0.332885935016
 290                    -0.089834140532                    -0.331476753377
 291                     0.180165249923                    -0.328111118152
 292                     0.459304362602                    -0.326914476663
 293                    -0.572114705655                    -0.326352229079
 294                     0.742093181707                    -0.325354817948
 295                    -0.302115315203                    -0.322986593856
 296                    -0.032115924749                    -0.319620958632
 297                    -0.784395880326                    -0.317862069558
 298                     0.807713958571                    -0.316739282560
 299                     0.237942673540                    -0.316202670996
 300                     0.517022578385                    -0.315058681918
 301                    -0.514396489873                    -0.314496434334
 302                    -0.244397099420                    -0.311130799111
 303                     0.025602291033                    -0.307765163887
 304                    -0.726677664543                    -0.306006274813
 305                     0.867173606997                    -0.304673650572
 306                    -0.873877761193                    -0.304403392962
 307                     0.295660889323                    -0.304346876251
 308                    -0.456678274090                    -0.302640639589
 309                     0.574457068848                    -0.301896934035
 310                    -0.186678883637                    -0.299275004365
 311                     0.083320506816                    -0.295909369142
 312                    -0.668959448760                    -0.294150480068
 313                     0.925376779575                    -0.292269284851
 314                     0.354394915959                    -0.291567572895
 315                    -0.398960058308                    -0.290784844844
 316                     0.633164410565                    -0.289142449387
 317                    -0.128960667854                    -0.287419209621
 318                     0.141038722599                    -0.284053574397
 319                     0.418904984027                    -0.282449669672
 320                    -0.928541963449                    -0.282408455048
 321                    -0.611241232978                    -0.282294685323
 322                     0.702251657282                    -0.281942777757
 323                    -0.341241842525                    -0.278929050099
 324                    -0.071242452072                    -0.275563414876
 325                    -0.823522407648                    -0.273804525801
 326                     0.768557092931                    -0.272708700286
 327                     0.198756938383                    -0.272197779650
 328                     0.476623199809                    -0.270593874927
 329                    -0.553523017195                    -0.270438890578
 330                    -0.283523626743                    -0.267073255354
 331                    -0.013524236289                    -0.263707620130
 332                    -0.765804191865                    -0.261948731056
 333                     0.826599078445                    -0.260924369234
 334                     0.256534362000                    -0.260289332495
 335                     0.534341415592                    -0.258738080182
 336                    -0.495804801413                    -0.258583095833
 337                    -0.225805410960                    -0.255217460609
 338                     0.044193979494                    -0.251851825385
 339                    -0.708085976083                    -0.250092936311
 340                     0.314252577783                    -0.248433537749
 341                     0.884142330577                    -0.248246576200
 342                    -0.438086585630                    -0.246727301088
 343                     0.593048757308                    -0.245983595534
 344                    -0.878026561241                    -0.245500384687
 345                    -0.168087195177                    -0.243361665864
 346                     0.101912195276                    -0.239996030640
 347                     0.379778456704                    -0.238392125916
 348                    -0.650367760300                    -0.238237141566
 349                     0.662774324961                    -0.238199292127
 350                     0.941605440744                    -0.235210346987
 351                    -0.380368369848                    -0.234871506343
 352                    -0.110368979394                    -0.231505871119
 353                     0.159630411059                    -0.228140235895
 354                     0.723700793421                    -0.227062117584
 355                     0.437496672486                    -0.226536331171
 356                    -0.592649544518                    -0.226381346821
 357                    -0.943968354122                    -0.225540372850
 358                    -0.322650154065                    -0.223015711598
 359                    -0.052650763612                    -0.219650076374
 360                    -0.804930719188                    -0.217891187300
 361                     0.217348626843                    -0.216284441149
 362                     0.781419009204                    -0.215206322840
 363                     0.495214888269                    -0.214680536425
 364                    -0.534931328735                    -0.214525552076
 365                    -0.264931938282                    -0.211159916853
 366                     0.005067452171                    -0.207794281629
 367                    -0.747212503405                    -0.206035392555
 368                     0.275126050460                    -0.204375993993
 369                     0.839137224987                    -0.203350528096
 370                     0.552933104051                    -0.202824741680
 371                    -0.477213112953                    -0.202669757331
 372                    -0.207213722500                    -0.199304122108
 373                     0.062785667953                    -0.195938486884
 374                    -0.689494287623                    -0.194179597810
 375                     0.333080574370                    -0.192599329179
 376                     0.617225069899                    -0.192248521219
 377                    -0.419494897170                    -0.190813962586
 378                     0.896680477119                    -0.190672735062
 379                    -0.149495506717                    -0.187448327363
 380                    -0.902079136011                    -0.184100709384
 381                     0.120503883736                    -0.184082692139
 382                    -0.631776071840                    -0.182323803065
 383                     0.674976017545                    -0.180553208130
 384                     0.390748007330                    -0.180498937532
 385                    -0.361776681387                    -0.178958167841
 386                     0.954143587286                    -0.177636505848
 387                    -0.091777290934                    -0.175592532618
 388                    -0.844057246510                    -0.173833643543
 389                     0.178222099519                    -0.172226897394
 390                    -0.574057856058                    -0.170468008320
 391                     0.732722023336                    -0.168833518829
 392                     0.448466223113                    -0.168643142787
 393                    -0.304058465605                    -0.167102373097
 394                    -0.034059075152                    -0.163736737873
 395                    -0.956856544770                    -0.162389242559
 396                    -0.786339030728                    -0.161977848798
 397                     0.235940315303                    -0.160371102647
 398                    -0.516339640275                    -0.158612213575
 399                     0.790440239119                    -0.156977724085
 400                     0.506184438895                    -0.156787348042
 401                    -0.246340249822                    -0.155246578352
 402                     0.023659140631                    -0.151880943128
 403                    -0.728620814945                    -0.150122054054
 404                     0.293954047047                    -0.148541785423
 405                    -0.458621424493                    -0.146756418830
 406                     0.848158454901                    -0.145121929341
 407                     0.563902654678                    -0.144931553297
 408                    -0.188622034040                    -0.143390783607
 409                     0.081377356413                    -0.140025148383
 410                    -0.670902599163                    -0.138266259309
 411                     0.351621480007                    -0.136441393776
 412                    -0.400903208710                    -0.134900624085
 413                     0.621705567971                    -0.133495840946
 414                     0.905701707034                    -0.132444136306
 415                    -0.130903818257                    -0.131534988862
 416                     0.139095572196                    -0.128169353638
 417                    -0.613184383380                    -0.126410464564
 418                    -0.904931662190                    -0.124986166558
 419                     0.409339695790                    -0.124585599031
 420                    -0.343184992927                    -0.123044829340
 421                     0.679456515616                    -0.121800527857
 422                    -0.073185602474                    -0.119679194117
 423                     0.963164817200                    -0.119407907093
 424                    -0.825465558050                    -0.117920305042
 425                     0.196813787979                    -0.116313558893
 426                    -0.555466167598                    -0.114554669819
 427                     0.467057911573                    -0.112729804286
 428                    -0.285466777145                    -0.111189034595
 429                     0.737202521408                    -0.110080838556
 430                    -0.015467386692                    -0.107823399372
 431                    -0.767747342268                    -0.106064510297
 432                     0.254606061590                    -0.104482392599
 433                    -0.964947510331                    -0.104024111029
 434                    -0.497747951815                    -0.102698875074
 435                     0.524776127355                    -0.100874009541
 436                    -0.227748561362                    -0.099333239850
 437                     0.794920737190                    -0.098225043812
 438                     0.042250829091                    -0.095967604627
 439                    -0.710029126485                    -0.094208715552
 440                     0.312308516965                    -0.092550127686
 441                    -0.440029736033                    -0.090843080329
 442                     0.582494343138                    -0.089018214795
 443                    -0.170030345580                    -0.087477445105
 444                     0.852638952973                    -0.086369249068
 445                     0.099969044873                    -0.084111809882
 446                    -0.652310910703                    -0.082352920807
 447                     0.370213168467                    -0.080528055275
 448                    -0.382311520250                    -0.078987285584
 449                     0.640297256431                    -0.077582502445
 450                    -0.112312129797                    -0.075621650360
 451                    -0.864592085373                    -0.073862761286
 452                     0.911172768603                    -0.073775407094
 453                     0.157687260656                    -0.072256015137
 454                    -0.594592694920                    -0.070497126062
 455                     0.427931384250                    -0.068672260530
 456                    -0.324593304467                    -0.067131490839
 457                     0.698048204076                    -0.065887189356
 458                    -0.054593914014                    -0.063765855615
 459                    -0.922528977553                    -0.063126429199
 460                    -0.806873869590                    -0.062006966541
 461                     0.968635878769                    -0.060739177880
 462                     0.215405476439                    -0.060400220392
 463                    -0.536874479138                    -0.058641331317
 464                     0.485649600032                    -0.056816465784
 465                    -0.266875088685                    -0.055275696094
 466                     0.755794209867                    -0.054167500055
 467                     0.003124301768                    -0.051910060870
 468                    -0.749155653808                    -0.050151171796
 469                     0.273123692222                    -0.048544425647
 470                    -0.479156263355                    -0.046785536573
 471                     0.543367815815                    -0.044960671039
 472                    -0.209156872902                    -0.043419901349
 473                     0.813512425650                    -0.042311705311
 474                     0.060842517551                    -0.040054266125
 475                    -0.691437438025                    -0.038295377051
 476                     0.330900205425                    -0.036636789184
 477                    -0.421438047572                    -0.034929741828
 478                     0.601086031598                    -0.033104876295
 479                    -0.151438657119                    -0.031564106604
 480                     0.871230641433                    -0.030455910567
 481                    -0.970123100116                    -0.028388095912
 482                     0.118560733333                    -0.028198471380
 483                    -0.633719222243                    -0.026439582306
 484                     0.388804856927                    -0.024614716773
 485                    -0.363719831790                    -0.023073947083
 486                     0.658888944891                    -0.021669163944
 487                    -0.093720441337                    -0.019708311859
 488                    -0.846000396913                    -0.017949422784
 489                     0.176278949116                    -0.016342676635
 490                    -0.576001006460                    -0.014583787561
 491                     0.446523072710                    -0.012758922028
 492                     0.935021149530                    -0.012344939790
 493                    -0.306001616007                    -0.011218152338
 494                     0.716639892536                    -0.009973850855
 495                    -0.036002225554                    -0.007852517114
 496                    -0.903937289093                    -0.007213090697
 497                    -0.788282181130                    -0.006093628040
 498                     0.233997164899                    -0.004486881890
 499                    -0.518282790677                    -0.002727992816
 500                     0.504241288492                    -0.000903127283
 501                    -0.248283400225                     0.000637642407
 502                     0.774385898327                     0.001745838447
 503                     0.021715990228                     0.004003277631
 504                    -0.730563965348                     0.005762166705
 505                     0.291715380682                     0.007368912855
 506                    -0.460564574895                     0.009127801929
 507                     0.561959504275                     0.010952667462
 508                    -0.190565184442                     0.012493437152
 509                     0.832104114110                     0.013601633190
 510                     0.079434206011                     0.015859072376
 511                    -0.672845749565                     0.017617961450
 512                     0.349491893885                     0.019276549317
 513                    -0.402846359112                     0.020983596674
 514                     0.619677720058                     0.022808462207
 515                    -0.132846968659                     0.024349231897
 516                     0.889822329893                     0.025457427935
 517                     0.137152421794                     0.027714867121
 518                    -0.615127533783                     0.029473756195
 519                    -0.970057894369                     0.030535142715
 520                     0.407396545387                     0.031298621728
 521                    -0.345128143330                     0.032839391419
 522                     0.677480633350                     0.034244174558
 523                     0.969901822283                     0.035144964088
 524                    -0.075128752877                     0.036205026642
 525                    -0.830682685992                     0.038999796011
 526                     0.194870637576                     0.039570661866
 527                    -0.557409318000                     0.041329550940
 528                     0.465114761170                     0.043154416473
 529                    -0.287409927547                     0.044695186164
 530                     0.735231580996                     0.045939487647
 531                    -0.017410537094                     0.048060821387
 532                    -0.769690492670                     0.049819710462
 533                    -0.914699395234                     0.050719019341
 534                     0.252588853359                     0.051426456611
 535                    -0.499691102217                     0.053185345685
 536                     0.522832976953                     0.055010211218
 537                    -0.229691711765                     0.056550980909
 538                     0.792977586786                     0.057659176948
 539                     0.040307678688                     0.059916616132
 540                    -0.711972276888                     0.061675505207
 541                     0.310307069142                     0.063282251356
 542                    -0.441972886435                     0.065041140430
 543                     0.580551192735                     0.066866005963
 544                    -0.171973495982                     0.068406775654
 545                     0.850695802569                     0.069514971692
 546                     0.098025894471                     0.071772410877
 547                    -0.654254061105                     0.073531299952
 548                     0.368083582345                     0.075189887818
 549                    -0.384254670652                     0.076896935175
 550                     0.638269408518                     0.078721800708
 551                    -0.114255280199                     0.080262570399
 552                     0.908414018351                     0.081370766436
 553                     0.155744110254                     0.083628205622
 554                    -0.596535845322                     0.085387094697
 555                    -0.867143046877                     0.085509047124
 556                     0.425988233847                     0.087211960229
 557                    -0.326536454870                     0.088752729920
 558                    -0.966417112804                     0.089345830619
 559                     0.696072321811                     0.090157513059
 560                    -0.056537064417                     0.092118365143
 561                    -0.808817019992                     0.093877254218
 562                     0.965981586096                     0.093937685155
 563                     0.213462326036                     0.095484000367
 564                    -0.538817629540                     0.097242889442
 565                     0.483706449630                     0.099067754974
 566                    -0.268818239087                     0.100608524665
 567                     0.753823269456                     0.101852826148
 568                     0.001181151366                     0.103974159888
 569                    -0.751098804210                     0.105733048963
 570                     0.271180541819                     0.107339795112
 571                    -0.481099413757                     0.109098684187
 572                     0.541424665413                     0.110923549720
 573                    -0.211100023304                     0.112464319410
 574                     0.811569275248                     0.113572515449
 575                     0.058899367148                     0.115829954634
 576                    -0.693380588427                     0.117588843708
 577                    -0.915556115594                     0.119096650188
 578                     0.328898757602                     0.119195589858
 579                    -0.423381197975                     0.120954478932
 580                     0.599142881196                     0.122779344464
 581                    -0.153381807522                     0.124320114155
 582                     0.869287491030                     0.125428310194
 583                     0.116617582931                     0.127685749378
 584                    -0.635662372645                     0.129444638453
 585                     0.386675270805                     0.131103226320
 586                    -0.365662982192                     0.132810273676
 587                     0.656861096979                     0.134635139209
 588                    -0.095663591739                     0.136175908900
 589                     0.174335798714                     0.139541544124
 590                    -0.577944156862                     0.141300433198
 591                     0.931471788904                     0.141697775187
 592                    -0.851745409663                     0.142384921362
 593                     0.444579922307                     0.143125298731
 594                    -0.307944766409                     0.144666068421
 595                     0.714664010272                     0.146070851560
 596                    -0.037945375957                     0.148031703645
 597                    -0.791729786283                     0.150284773937
 598                     0.232054014496                     0.151397338869
 599                    -0.520225941080                     0.153156227943
 600                     0.502298138090                     0.154981093476
 601                    -0.250226550627                     0.156521863166
 602                     0.772414957917                     0.157766164649
 603                     0.019772839826                     0.159887498390
 604                    -0.957113248940                     0.160869332293
 605                    -0.732507115750                     0.161646387464
 606                     0.289772230279                     0.163253133614
 607                    -0.462507725297                     0.165012022688
 608                     0.560016353873                     0.166836888221
 609                    -0.192508334844                     0.168377657911
 610                     0.830160963708                     0.169485853951
 611                     0.077491055608                     0.171743293135
 612                    -0.674788899968                     0.173502182209
 613                     0.347490446062                     0.175108928359
 614                    -0.900158478380                     0.175972524426
 615                    -0.404789509515                     0.176867817433
 616                     0.617734569656                     0.178692682966
 617                    -0.134790119062                     0.180233452656
 618                     0.887879179491                     0.181341648695
 619                     0.135209271391                     0.183599087880
 620                    -0.617070684185                     0.185357976954
 621                     0.405266959265                     0.187016564821
 622                    -0.347071293732                     0.188723612178
 623                     0.675452785439                     0.190548477710
 624                    -0.077071903279                     0.192089247401
 625                     0.192927487174                     0.195454882625
 626                    -0.829928365913                     0.197120366041
 627                    -0.559352468402                     0.197213771699
 628                     0.950218402365                     0.197559361147
 629                     0.463171610768                     0.199038637232
 630                    -0.289353077950                     0.200579406923
 631                     0.733255698732                     0.201984190062
 632                    -0.019353687497                     0.203945042146
 633                    -0.771633643073                     0.205703931221
 634                     0.250645702956                     0.207310677370
 635                    -0.501634252620                     0.209069566444
 636                     0.520889826551                     0.210894431977
 637                    -0.231634862167                     0.212435201668
 638                     0.791006646377                     0.213679503150
 639                     0.038364528286                     0.215800836891
 640                    -0.713915427290                     0.217559725966
 641                    -0.945587128042                     0.218654285690
 642                     0.308363918739                     0.219166472115
 643                    -0.443916036837                     0.220925361189
 644                     0.578608042334                     0.222750226722
 645                    -0.173916646384                     0.224290996412
 646                     0.848752652168                     0.225399192452
 647                     0.096082744068                     0.227656631636
 648                    -0.656197211508                     0.229415520711
 649                    -0.878341434629                     0.230707969105
 650                     0.366082134522                     0.231022266860
 651                    -0.386197821055                     0.232781155934
 652                     0.636326258117                     0.234606021467
 653                    -0.116198430602                     0.236146791157
 654                     0.906625792952                     0.237203234655
 655                     0.153800959851                     0.239512426381
 656                    -0.598478995725                     0.241271315456
 657                     0.423858647726                     0.242929903322
 658                    -0.328479605272                     0.244636950679
 659                     0.694044473900                     0.246461816211
 660                    -0.058480214819                     0.248002585903
 661                     0.211519175634                     0.251368221126
 662                    -0.540760779942                     0.253127110201
 663                     0.481763299228                     0.254951975733
 664                    -0.824579181237                     0.256108956862
 665                    -0.270761389490                     0.256492745424
 666                     0.751847387193                     0.257897528562
 667                    -0.000761999037                     0.259858380648
 668                    -0.753041954613                     0.261617269722
 669                     0.269237391416                     0.263224015871
 670                    -0.483042564160                     0.264982904946
 671                     0.539481515011                     0.266807770478
 672                    -0.213043173707                     0.268348540169
 673                     0.809730100613                     0.269548855783
 674                     0.056956216746                     0.271714175392
 675                    -0.695323738830                     0.273473064467
 676                     0.326955607199                     0.275079810616
 677                    -0.930575629117                     0.275633292370
 678                    -0.425324348377                     0.276838699691
 679                     0.597199730794                     0.278663565223
 680                    -0.155324957924                     0.280204334914
 681                     0.867499265629                     0.281260778411
 682                     0.114674432529                     0.283569970137
 683                    -0.637605523048                     0.285328859212
 684                     0.384673822982                     0.286935605362
 685                    -0.367606132595                     0.288694494435
 686                    -0.873286503169                     0.289414016239
 687                     0.654917946578                     0.290519359968
 688                    -0.097606742142                     0.292060129659
 689                     0.925217481412                     0.293116573156
 690                     0.172392648311                     0.295425764883
 691                    -0.579887307265                     0.297184653957
 692                     0.442450336186                     0.298843241824
 693                    -0.309887916812                     0.300550289180
 694                     0.712636162360                     0.302375154712
 695                    -0.039888526359                     0.303915924404
 696                    -0.792168481935                     0.305674813478
 697                     0.230110864094                     0.307281559628
 698                    -0.522169091482                     0.309040448702
 699                     0.500354987689                     0.310865314234
 700                    -0.252169701030                     0.312406083925
 701                     0.770725854807                     0.313714692255
 702                     0.017829689423                     0.315771719149
 703                    -0.734450266153                     0.317530608223
 704                     0.287829079876                     0.319137354373
 705                    -0.464450875700                     0.320896243447
 706                     0.558073203471                     0.322721108979
 707                    -0.194451485247                     0.324261878670
 708                     0.828476714074                     0.325410441743
 709                     0.075547905206                     0.327627513894
 710                    -0.676732050370                     0.329386402968
 711                     0.345547295659                     0.330993149118
 712                    -0.406732659917                     0.332752038192
 713                     0.615791419255                     0.334576903724
 714                    -0.910695404250                     0.335299293327
 715                    -0.136733269464                     0.336117673415
 716                    -0.840975070310                     0.338687981055
 717                     0.133266120989                     0.339483308639
 718                    -0.619013834587                     0.341242197713
 719                     0.403265511442                     0.342848943863
 720                    -0.349014444135                     0.344607832937
 721                     0.673509635038                     0.346432698469
 722                    -0.079015053682                     0.347973468160
 723                     0.905724855991                     0.348722237043
 724                     0.190984336771                     0.351339103384
 725                    -0.561295618805                     0.353097992458
 726                     0.461042024646                     0.354756580325
 727                    -0.291296228352                     0.356463627681
 728                     0.731918874942                     0.358053959456
 729                    -0.021296837899                     0.359829262905
 730                     0.248702552554                     0.363194898129
 731                    -0.779148044469                     0.363635946424
 732                    -0.503577403022                     0.364953787203
 733                     0.518946676149                     0.366778652736
 734                    -0.233578012570                     0.368319422426
 735                     0.789669734209                     0.369749708944
 736                     0.036421377883                     0.371685057650
 737                    -0.715858577693                     0.373443946725
 738                     0.306420768336                     0.375050692874
 739                    -0.445859187240                     0.376809581948
 740                     0.854693577885                     0.378180019665
 741                     0.576664891932                     0.378634447480
 742                    -0.175859796787                     0.380175217171
 743                     0.094139593666                     0.383540852395
 744                    -0.658140361910                     0.385299741470
 745                     0.364138984119                     0.386906487618
 746                    -0.388140971457                     0.388665376693
 747                    -0.888060163732                     0.389702359344
 748                     0.634383107715                     0.390490242225
 749                    -0.118141581004                     0.392031011916
 750                     0.151857809449                     0.395396647140
 751                    -0.828692417218                     0.396316869081
 752                    -0.600422146128                     0.397155536215
 753                     0.421857199903                     0.398762282364
 754                    -0.330422755675                     0.400521171438
 755                     0.692792347620                     0.402111503212
 756                    -0.060423365222                     0.403886806661
 757                     0.209576025231                     0.407252441885
 758                    -0.542703930345                     0.409011330960
 759                     0.479633713107                     0.410669918826
 760                    -0.272704539892                     0.412376966183
 761                     0.751261348244                     0.414457092830
 762                    -0.002705149439                     0.415742601406
 763                    -0.754985105015                     0.417501490481
 764                     0.267294241014                     0.419108236630
 765                    -0.484985714562                     0.420867125705
 766                     0.537538364610                     0.422691991237
 767                    -0.214986324109                     0.424232760928
 768                     0.809219703474                     0.425335237671
 769                     0.055013066343                     0.427598396151
 770                    -0.697266889233                     0.429357285226
 771                     0.325012456797                     0.430964031375
 772                    -0.427267498780                     0.432722920450
 773                     0.595256580393                     0.434547785982
 774                     0.867213872406                     0.435757745630
 775                    -0.157268108327                     0.436088555673
 776                     0.112731282126                     0.439454190896
 777                    -0.639548673450                     0.441213079971
 778                     0.382730672579                     0.442819826120
 779                    -0.862855390916                     0.444325655051
 780                    -0.369549282997                     0.444578715195
 781                     0.653665820297                     0.446169046969
 782                    -0.099549892544                     0.447944350418
 783                    -0.804197075812                     0.449907265157
 784                     0.170449497909                     0.451309985641
 785                    -0.581830457668                     0.453068874716
 786                     0.440448888363                     0.454675620865
 787                    -0.311831067215                     0.456434509939
 788                     0.711384036080                     0.458024841714
 789                    -0.041831676762                     0.459800145163
 790                     0.228167713691                     0.463165780386
 791                    -0.524112241885                     0.464924669461
 792                     0.498225401568                     0.466583257327
 793                    -0.254112851432                     0.468290304684
 794                     0.015886539021                     0.471655939908
 795                     0.777061933086                     0.474709624814
 796                     0.285885929474                     0.475021575132
 797                    -0.743967257355                     0.476188930702
 798                    -0.466394026102                     0.476780464206
 799                     0.556663769443                     0.479076516635
 800                    -0.196394635649                     0.480146099429
 801                     0.073604754803                     0.483511734653
 802                    -0.678675200773                     0.485270623727
 803                     0.343604145257                     0.486877369876
 804                     0.839172113415                     0.487580636855
 805                    -0.408675810320                     0.488636258951
 806                     0.614539292975                     0.490226590725
 807                    -0.138676419867                     0.492001894174
 808                     0.131322970586                     0.495367529398
 809                    -0.620956984990                     0.497126418472
 810                     0.401322361040                     0.498733164621
 811                    -0.350957594537                     0.500492053696
 812                    -0.830133428179                     0.502815278994
 813                     0.673063010717                     0.502823627773
 814                    -0.080958204084                     0.503857688919
 815                     0.189041186369                     0.507223324143
 816                    -0.563238769208                     0.508982213217
 817                     0.459040576824                     0.510588959366
 818                    -0.293239378755                     0.512347848441
 819                     0.732353401045                     0.513090602719
 820                    -0.023239988302                     0.515713483664
 821                     0.246759402151                     0.519079118888
 822                    -0.505520553425                     0.520838007963
 823                     0.516817090028                     0.522496595828
 824                    -0.235521162972                     0.524203643185
 825                     0.034478227481                     0.527569278409
 826                    -0.776701203034                     0.527653749522
 827                    -0.717801724132                     0.529328171003
 828                     0.798040136266                     0.529772019363
 829                     0.304477617935                     0.530934913633
 830                    -0.447802337643                     0.532693802708
 831                    -0.177802947189                     0.536059437930
 832                     0.092196443263                     0.539425073154
 833                    -0.660086819339                     0.541200073416
 834                     0.362195833718                     0.542790708377
 835                    -0.390084121860                     0.544549597452
 836                     0.600147391015                     0.547365241918
 837                    -0.120084731407                     0.547915232675
 838                     0.149914659046                     0.551280867899
 839                    -0.602365296530                     0.553039756974
 840                     0.419914049500                     0.554646503122
 841                    -0.332365906077                     0.556405392197
 842                    -0.062366515624                     0.559771027420
 843                     0.659525872606                     0.560329420618
 844                     0.207632874829                     0.563136662644
 845                    -0.544647080748                     0.564895551719
 846                     0.477632265285                     0.566502297867
 847                    -0.274647690295                     0.568261186942
 848                     0.717855534447                     0.570202459336
 849                    -0.004648299842                     0.571626822165
 850                     0.547110227342                     0.573036462605
 851                     0.265351090612                     0.574992457388
 852                    -0.486928864965                     0.576751346464
 853                    -0.216929474512                     0.580116981686
 854                     0.053069915941                     0.583482616910
 855                     0.775126702723                     0.584057623951
 856                    -0.700084950129                     0.585557881399
 857                    -0.773296571515                     0.586478580898
 858                     0.323069306395                     0.586848252134
 859                    -0.429210649183                     0.588607141209
 860                    -0.159211258729                     0.591972776432
 861                     0.110788131724                     0.595338411655
 862                    -0.642362781549                     0.597394475153
 863                     0.380787522178                     0.598704046879
 864                    -0.371492433400                     0.600462935954
 865                     0.618665034521                     0.603303146608
 866                    -0.101493042947                     0.603828571177
 867                     0.168506347506                     0.607194206400
 868                    -0.583773608071                     0.608953095475
 869                     0.438505737961                     0.610559841623
 870                    -0.313774217617                     0.612318730699
 871                    -0.043774827164                     0.615684365922
 872                     0.680984064147                     0.616163823329
 873                     0.507925402598                     0.617042164645
 874                     0.226224563289                     0.619050001145
 875                    -0.526055392288                     0.620808890220
 876                    -0.256056001835                     0.624174525444
 877                     0.013943388618                     0.627540160667
 878                     0.565627870847                     0.628974367296
 879                     0.738255232423                     0.630018987943
 880                     0.283942779072                     0.630905795890
 881                    -0.736281560816                     0.632324423513
 882                    -0.468337176506                     0.632664684965
 883                    -0.198337786052                     0.636030320188
 884                     0.071661604401                     0.639395955412
 885                     0.341660994856                     0.642761590635
 886                    -0.410618960723                     0.644520479710
 887                    -0.140619570269                     0.647886114933
 888                     0.129379820184                     0.651251750157
 889                    -0.622900135393                     0.653010639232
 890                     0.399379210639                     0.654617385380
 891                    -0.681797388384                     0.654761608197
 892                    -0.352900744940                     0.656376274455
 893                     0.639800878845                     0.658305222813
 894                    -0.082901354487                     0.659741909678
 895                     0.468798875274                     0.661099708400
 896                     0.187098035966                     0.663107544901
 897                    -0.565181919611                     0.664866433977
 898                    -0.295182529158                     0.668232069200
 899                    -0.025183138704                     0.671597704423
 900                     0.698662597157                     0.673658139343
 901                     0.244816251749                     0.674963339646
 902                     0.527710331730                     0.675546849604
 903                    -0.507463703828                     0.676722228722
 904                    -0.237464313375                     0.680087863945
 905                     0.032535077078                     0.683453499168
 906                     0.586763715171                     0.683976443501
 907                     0.302534467532                     0.686819134390
 908                    -0.449745488046                     0.688578023467
 909                    -0.179746097593                     0.691943658689
 910                     0.090253292861                     0.695309293913
 911                    -0.392027272263                     0.700433818212
 912                    -0.122027881809                     0.703799453434
 913                     0.367855955835                     0.704399276753
 914                     0.426729965814                     0.706808270537
 915                     0.147971508644                     0.707165088658
 916                    -0.661581856480                     0.710108555466
 917                    -0.602659018115                     0.710335317731
 918                    -0.334309056481                     0.712289612957
 919                     0.656494733029                     0.714814226827
 920                    -0.064309666027                     0.715655248179
 921                     0.484606974866                     0.717862868014
 922                     0.205689724427                     0.719020883402
 923                    -0.544940802332                     0.722191112476
 924                    -0.276590840698                     0.724145407702
 925                    -0.006591450244                     0.727511042924
 926                     0.552074547798                     0.731606412734
 927                     0.264349923077                     0.731702877642
 928                    -0.218872624915                     0.736001202446
 929                     0.051126765539                     0.739366837669
 930                     0.322656024829                     0.742200315618
 931                    -0.490071333432                     0.743668861072
 932                    -0.431153799586                     0.744491361968
 933                    -0.161154409133                     0.747856997190
 934                     0.108844981321                     0.751222632414
 935                     0.611907068283                     0.753335551501
 936                    -0.373435583804                     0.756347156713
 937                    -0.103436193349                     0.759712791936
 938                     0.406693560542                     0.762220315851
 939                     0.166563197104                     0.763078427159
 940                    -0.315717368021                     0.768202951458
 941                    -0.592835535604                     0.768433953632
 942                    -0.045717977567                     0.771568586681
 943                     0.508795553321                     0.771592422027
 944                     0.224281412887                     0.774934221904
 945                    -0.257999152238                     0.780058746203
 946                    -0.535350818273                     0.781374570913
 947                     0.012000238216                     0.783424381426
 948                     0.565063950404                     0.789080126048
 949                     0.355387252663                     0.791196427979
 950                    -0.200280936456                     0.791914540948
 951                     0.296589760754                     0.795044446600
 952                     0.069718453999                     0.795280176170
 953                     0.452690855468                     0.799046952429
 954                    -0.452307086848                     0.799486732139
 955                    -0.142562720673                     0.803770335691
 956                     0.127436669782                     0.807135970915
 957                    -0.394588871065                     0.811342526884
 958                    -0.084844504889                     0.815626130437
 959                     0.187919148820                     0.821375760763
 960                    -0.297125679561                     0.824116289960
 961                    -0.027126289107                     0.827481925182
 962                     0.401384547589                     0.828023064557
 963                     0.248263196504                     0.828756395370
 964                     0.502705191076                     0.830200098913
 965                    -0.502526426995                     0.830308318362
 966                    -0.239407463779                     0.835972084705
 967                     0.030591926676                     0.839337719927
 968                    -0.181689247996                     0.847827879449
 969                    -0.350080968463                     0.849955981898
 970                     0.346803814734                     0.850286356441
 971                     0.086614593512                     0.857597322956
 972                     0.451398883197                     0.859176211040
 973                    -0.450186895830                     0.859668437696
 974                    -0.123971032213                     0.859683674192
 975                     0.145261407096                     0.863298512184
 976                     0.291034950707                     0.869307038662
 977                    -0.066262900973                     0.871588515767
 978                    -0.288970990373                     0.882472552232
 979                    -0.008534600646                     0.883395263683
 980                     0.229298773669                     0.884544413517
 981                    -0.397209869938                     0.885464346322
 982                     0.394859102066                     0.886583895006
 983                    -0.220951917908                     0.891930507920
 984                    -0.163233702125                     0.903786302665
 985                     0.046813066254                     0.905376718019
 986                    -0.341926279275                     0.908312244171
 987                     0.340329958790                     0.908911564740
 988                     0.177495783903                     0.912622920483
 989                     0.107274491022                     0.912779937402
 990                    -0.105515486342                     0.915642097407
 991                     0.284546379487                     0.927889040397
 992                    -0.261556299253                     0.934629881659
 993                    -0.025365819593                     0.939863505828
 994                     0.227713979119                     0.943446372129
 995                    -0.202528353417                     0.948604658220
 996                    -0.144642013663                     0.959699641165
 997                     0.142490946286                     0.960021376635
 998                     0.083970432167                     0.966899001908
 999                    -0.077435509615                     0.967444290500
1000                     0.025140408020                     0.970212694853
